tb_0:
    goals:
        x: [3.700000, 0.300000]
        y: [2.000000, 2.000000]
        ang: [-3.141593, 0.000000]
